-1147
268
-9315
-6256
9942
479
-7551
3673
5722
-1872
8202
591
4610
-637
-6127
-1317
-7557
6401
-9489
1699
-9313
-9731
-3163
-1847
6700
-6925
876
-8665
3823
-2593
-5490
-6075
-7817
-3092
-8612
7322
-4003
2310
6128
7614
-6459
9914
-4424
-1211
3568
-3759
-7927
-7939
4267
-1278
2297
-5121
1892
-3886
-7095
-5415
3913
-5869
5390
6791
7404
9964
7647
-7548
-4792
2925
-9986
4658
2863
-1728
4691
-9228
4988
-6000
2307
604
8969
8519
-197
651
-9395
-1859
-2354
-275
493
-4811
9898
4439
-966
-2435
441
-9413
-7836
-1920
-8209
1621
6473
-12
-6831
-8324
8552
-3920
4510
202
-5302
2479
9867
3209
3990
4177
2984
7413
4832
-9418
-956
-7446
-6235
-1878
1541
3471
-5572
-1345
9982
2366
8713
7958
6849
831
6473
1061
-559
-481
3897
1771
608
773
-4673
-3827
-8793
8931
4480
-3378
-9397
-6326
6298
1554
-4565
-2619
4881
-7905
4111
9838
638
-7387
8576
751
-2220
2831
-9313
-8928
-2117
6706
-4823
4406
2597
6469
-4281
-1642
7758
-1964
1359
-566
-9878
397
-2901
5402
-3374
-4177
-1055
6725
7559
-430
7884
-1909
-2827
8778
-7212
-4803
-8344
8520
8884
360
-4688
3418
1637
3290
638
-5326
-3831
-518
-4092
8527
-2302
1919
1894
7441
-2689
-4576
2639
-4252
-620
-7022
7184
-6231
-7046
2561
-9664
-4979
2155
-4679
7388
6854
-4479
1284
6677
-427
-6259
-9806
-9553
5968
9669
-241
-1551
-990
6424
7566
-4640
-7960
-4375
-9808
536
1298
1829
-9877
6776
4200
1284
-1758
-3786
-5970
5752
6315
4529
-7909
-3568
-6091
-8462
8530
1367
1840
8619
1960
-6361
6482
2302
4805
1047
5725
-7174
988
4892
6446
2992
6407
-6328
-2836
-3365
4060
-5498
7800
9055
-1818
7187
7892
-1160
2659
3499
2187
5955
1896
-2417
6736
-8157
-4514
-8019
-2570
7013
-5143
-2700
1517
-4958
8695
2322
4978
-3659
-4387
-9023
3052
-8368
-6289
-4617
-7860
1335
469
1242
-6254
5204
-4128
-4884
5488
1960
1117
6645
7284
2702
3663
3286
-122
3471
-6384
6113
1736
-4511
-1082
4927
4070
6721
-8074
-8496
5908
-9223
7450
2522
3369
9220
-9934
4281
-5002
1593
-6659
268
-2405
8439
8068
6367
-8599
8775
-542
290
7225
-5341
4667
-4428
-1889
-5781
-4836
-5504
-8577
-4613
4042
-339
-1149
-6734
-5060
1237
-2405
-532
7676
-2759
8336
-8910
7489
3653
8262
6641
8840
482
3660
8820
-6355
-617
9764
5630
7482
4894
-9032
3108
-7417
-204
6917
-3540
-5448
856
8712
538
-106
239
-3828
8244
-1937
6108
713
3577
-9622
-7901
-9164
4753
-5786
-3438
8266
9020
-3810
3674
4021
-3091
7560
-6571
9323
9268
-8896
-1933
-7292
7571
-5049
8730
-3751
-5197
4591
3123
-5311
-7462
2376
-9674
-9170
9423
5063
4353
-8480
4330
-8058
-6098
405
-1616
-4530
-8541
-3780
8533
-5427
4011
-4917
113
-8549
-6262
-727
5731
4421
-9376
-6556
-5263
-2323
7022
-62
-2776
3938
9623
-3529
8649
7598
2149
1899
7174
3138
8137
-6856
-5778
4833
-6857
-9170
-411
-1454
-7047
-6535
3792
5889
-5865
3434
9588
8905
-5228
9258
-7222
-4284
-9028
-2588
2153
8694
-7286
-5559
-9759
-7018
7457
1949
-8257
712
2106
-1263
-2996
473
-7841
-6752
-2530
-370
5564
-5975
-3627
4416
2383
-3711
3186
235
6873
-4739
-6698
-3604
4002
8191
2563
4262
-2071
6360
6479
-3119
9380
6315
7225
-2019
3676
-8920
6456
5260
-1943
9646
6352
-6889
-8205
1617
-5346
-5251
9636
-6638
7502
9509
-6481
8578
-3885
-569
4315
3319
8138
-2649
5934
-6204
9948
4989
2333
9901
9694
8143
-1813
4427
-9242
2938
-4769
3748
3982
-2213
-2362
7745
7807
-1317
4505
-2102
-4186
-2277
-7783
4456
9678
-4596
-5984
-4518
-909
9786
650
9965
-9294
4224
402
7889
2444
-9801
-1910
-9076
-8125
4343
8462
4733
-8344
46
375
5790
-7694
853
8322
1742
-1750
-1669
3593
-1291
-601
-477
5408
8187
-8861
4060
4620
-6690
3577
-8196
2508
2526
6785
-8193
3481
-2795
-9512
261
4093
4147
-2849
-1485
-7864
-4533
-4043
-1942
1094
3078
5040
-6663
5096
-3925
-2700
-6237
-2306
825
-5292
8891
-8624
-1871
689
1025
-2062
5723
3512
-9801
2160
9564
-3175
-4865
-1742
1620
3867
-4427
-6633
932
6112
-5530
9559
-7089
-4770
-3795
1760
6106
-4887
6031
-4962
7537
4417
-1972
-9114
6606
7657
4925
-107
3304
-7708
-5325
-5462
5630
-1224
9755
-9486
4722
5018
-6369
7146
-5615
3265
-6313
-3820
2141
5506
853
3579
9639
-3574
2828
5254
-8054
7924
3942
-7551
3009
-8492
-5672
8239
-8640
-3394
-269
4107
-5366
-1770
-8713
5913
-73
-4795
-2197
9927
-3877
256
9234
-5110
6203
-2049
-2542
7384
-697
9942
-7117
-3876
4544
9695
-2675
-1185
9301
-1703
7265
1672
-644
-6888
6271
-2112
3232
-2744
2072
9926
-2274
-7388
-4103
-7091
8465
-618
-9506
-9444
-9696
1879
6924
1612
-1950
8748
5226
2132
-9184
9478
6596
4272
8016
146
-7237
8850
-1164
-1334
-1897
4992
2013
-8437
-4243
8085
-9745
4159
-7283
2151
-8772
8616
8514
7526
-317
5757
-2974
8142
-835
8857
8448
-4675
-5418
6867
5530
-9546
6567
-8042
-2351
-2220
1672
2221
474
3762
-4751
3126
9865
-2921
3054
-7090
-6231
935
5046
860
-6508
-1824
6721
-4235
4664
-5548
576
-1601
-4422
79
8364
2902
9740
-1771
9734
-5208
-186
450
6239
-954
1326
-7852
161
1939
-6859
-4077
-3444
8453
7003
-5396
9717
-2592
3310
1935
-4356
-4386
-8576
-2266
-6797
4686
1309
2227
-2445
1709
-2441
-5038
8943
4233
9601
825
-6873
-8794
-291
1550
-4532
-1905
-3211
-3059
-6658
-6997
5580
4624
-8212
9332
2364
-9650
6417
9265
4782
-6712
-5224
-162
7618
-1629
-1853
5445
7215
-2132
-7722
9158
6500
2754
-9819
6647
-9583
-999
9698
-3508
-4641
1949
8606
-6729
775
-4189
7181
-4366
3047
4031
-6124
-4855
-9714
9745
-9761
1498
6401
-908
-5704
-6050
5850
-3534
-5456
-3573
-8594
-7141
567
-576
-6567
5385
-7745
3256
-9412
-4072
4061
2956
-8740
-6277
-8358
-5784
2198
-2043
9795
-6024
3345
1138
1348
-7897
-4389
6762
4327
-1833
5060
3670
1080
8761
-5820
1935
-778
-2621
-2715
2918
7053
-1497
-1600
-4347
-53
-9023
3437
8702
-1194
7274
-5846
-7378
7623
-2612
5470
5804
-860
3472
6368
3064
-5513
-819
1773
2270
-2331
-4022
494
3672
2122
-1607
3026
-5979
2383
-5218
3956
-6500
1632
7798
5832
-4349
8867
5557
-2636
6099
-9847
-7539
-3592
4446
9310
4603
778
3677
2076
6166
-5514
6091
1656
-8018
6541
7224
3914
-797
1182
8054
8464
-8371
-8965
-1480
-7772
-9974
-341
-8820
-3044
-2696
-9830
7742
4994
5686
-5543
-8450
4183
6424
-1605
4064
-9968
8776
-2606
-2069
4259
7446
-3250
-8245
-1400
3972
5626
-4282
3800
6945
-7969
-2181
-9501
-4322
8101
-9345
974
2072
-9610
-2985
8997
4226
-3156
842
147
-488
4570
-1534
1138
-6906
-6408
-8966
8978
8217
-6911
1351
2088
-3431
2719
-4945
364
-8988
4819
-8518
-9875
-6007
815
7272
-656
-9362
7306
-8605
5617
7760
-2401
7820
1694
-3793
-17
-3478
6000
-7500
-4975
-1513
-6240
-2647
3641
9339
6615
-2271
-6327
-7462
-9844
8500
-7425
7802
4269
-9442
4610
8712
-5717
4688
-3463
1716
5185
-4682
-6609
-6237
-257
3373
-4209
-5987
-508
8127
-6409
8476
1821
-2708
7893
-2146
5884
7314
4742
-2834
-7084
6814
-3015
-1911
-6184
-8818
-4613
936
8709
-4874
4997
-7130
-6085
8729
8264
-6657
1230
-9289
2524
7747
2136
6578
-2871
-9727
-7504
2155
-1491
6836
-1885
-177
-5668
-2910
-8284
-3830
-8401
5757
-6522
-4054
-955
5378
-6225
9016
-9186
-6642
-7657
3622
5858
-2814
8334
7405
6905
8296
2492
-2544
-7618
9794
5395
419
-9953
-7795
2609
-4754
9368
-3320
-2850
3452
6262
98
-8193
1791
-299
1405
6335
4906
-1541
5067
-4943
9604
-7831
-1966
1518
2676
5222
6631
-2939
-8124
-7155
-3192
8785
-179
-3286
-4206
-8578
4554
-7955
8690
5458
-3149
-8320
137
4877
-5668
-6853
9167
-657
7019
4186
7016
7306
1704
-3045
2109
4304
8635
1840
1409
-2770
-4326
7534
4528
-7568
9144
6832
-2970
4794
-4819
-4160
-5706
6631
123
-4925
3663
-771
-5732
-7254
-902
-3851
-1011
3656
9102
8935
4726
557
1267
7215
-6450
1918
-4963
3972
-2446
2081
9675
-1835
-6614
-1091
85
7734
-6058
-178
-9205
4131
7839
-1709
8641
8494
9296
2875
-5626
59
-8652
5229
-6241
-9448
-7426
765
-6849
885
5788
444
1547
-6700
-3422
-625
5857
-6044
-6732
4647
-945
8030
8546
-3134
-7692
-3312
-8335
941
-6695
-8645
5732
2499
5134
4052
-8647
-3410
185
-5754
-5552
8828
-8093
-5612
725
-1965
932
-4467
-7495
6456
7664
6661
-4212
-9239
6057
-860
6536
-8666
2759
7055
-275
-1426
1658
5062
-4591
-5108
-7137
9733
-3681
8209
-2599
4188
5788
7826
3169
-9355
3446
1878
-8671
-739
-7315
3290
2939
9912
7720
5421
9900
-2004
1672
4611
8398
-4839
-8830
3086
-275
-193
1350
5157
-4612
-3798
4185
7817
2680
1787
949
2972
7288
-5983
3257
-1898
-2093
282
-4252
6647
4631
-8415
-3556
5815
2801
-8128
8898
-4780
278
-4085
-7788
4656
9794
-6218
8483
1103
-2634
1881
2939
1479
1362
7957
-49
339
5435
6613
-2531
914
1917
7814
-2101
952
-9198
1553
-6281
-6866
-1393
-6347
4426
4012
-4210
-5122
6430
-1738
5633
6770
4295
-7840
-7899
2767
-407
-4086
-7039
6666
3927
-2497
-2341
-3224
-7881
-6837
-9828
3096
8567
8917
-892
387
-657
5898
1838
2456
-9775
2762
401
9987
5148
9395
6621
-8392
3604
-3229
-4643
9694
-8260
-8867
72
249
8359
287
-7326
2341
9621
-7959
7485
2728
-4832
4470
-5452
4174
6352
2080
3136
80
-7082
-3322
-5052
-3737
-5594
6669
-624
-1830
5586
-3826
726
-6820
9830
-8465
-9942
6011
-9395
-2527
-2974
2345
-5701
5283
5337
8341
-3237
-3356
-866
8430
84
-423
5524
-5783
-3140
2888
2685
2623
9919
-4961
-6828
7755
9807
3190
-4623
-1085
-4038
-4773
6534
2254
798
-9552
1109
8616
-1197
5062
-3689
-7835
-5270
-514
7385
6237
-6358
4092
9635
8645
5112
-7418
-448
-3210
-6736
3347
8909
-6518
2187
-6317
9909
-9638
-6573
2736
-9634
3055
2366
-6617
6898
7224
4679
760
4746
2435
-5342
-1052
-8831
-6582
950
-5577
-2804
180
-1227
1714
3263
8342
-2533
-8923
-8839
-3767
3690
-8381
-8625
-6371
6231
-9553
233
1059
-4062
6937
1352
6779
6145
-2669
6877
-3701
3866
-6259
-9597
-9758
6216
-175
-6531
-1092
-2287
8141
-3675
4060
1255
1080
-2952
9365
-3616
-6925
7633
2953
-4121
5773
2712
-7025
-8515
-8663
4104
9621
-1732
-8851
2080
22
-4517
-9648
9347
1328
3529
-121
-8319
-1126
4766
5686
3216
6060
5260
7309
4455
-1491
-4053
-3584
7403
-2726
-676
-1803
-1807
7986
5222
1839
-579
-7828
-9339
-9941
1051
-2385
-2069
8315
-8680
-2
6840
-9600
-2201
4616
6205
-1396
1489
5949
-3109
2483
-7580
7836
-4494
7699
-3213
-4890
7873
7408
7489
2562
-367
2139
3846
6798
4183
8576
5549
5834
-9039
1039
8800
8959
8198
229
-4099
-674
8257
4134
-6900
-571
8329
5879
5542
-945
9402
7117
-6184
1449
3554
-8041
-6654
4718
4552
-3542
1830
3052
6195
7293
-7952
-2399
-351
5490
7270
5906
4508
-3167
-9821
8854
-1289
559
8719
4380
854
814
6808
2941
-2878
-4199
4566
3167
-3568
125
-5261
4196
6470
979
-8067
1597
-7939
-1396
-7925
-2160
-1325
-8835
-2056
-7112
-1390
-4630
7520
-112
-533
-1759
-3093
-4340
-4219
2494
-6475
8707
4842
2261
9876
-4926
-610
-9869
1175
7448
1217
-1398
-6427
2399
-5943
9191
-4477
9139
7116
8132
522
4093
9791
-7634
5567
-4617
-8388
-105
3973
3389
1979
9038
-4833
-8053
8061
-9428
-4057
1005
3854
3738
2590
7380
5
954
-9147
-5575
-2096
3698
6466
975
954
4142
-3782
-7268
7926
3320
-7472
-7465
-2051
-5942
6122
-9727
-2584
546
356
-4206
3474
4497
-6792
-9827
426
-7079
-8664
-6297
2553
-7670
193
8459
2995
2866
8456
-6105
3557
8252
-6859
-2716
1708
-192
7338
787
-8453
6172
-1201
-6188
5912
-2385
9954
7827
-9694
-620
5161
-2585
1866
-7538
-2565
-6589
-1544
3215
-2172
7693
3744
2838
9775
-1579
7821
7695
-9214
790
1667
-7159
6913
2391
-1980
3329
-5856
1501
-9302
6514
6730
-9798
6010
-8615
-619
1494
2135
5643
4765
-8157
-5281
-7769
-3767
-6464
1126
-8751
-5567
8900
2318
1966
-6837
5784
-7379
-2878
5868
-4675
-5945
-7556
9583
2992
-3328
1470
-9328
8352
6765
-1769
-7770
4493
105
4670
-8328
6218
3619
3743
-6098
2221
6509
4507
4296
8365
-7147
9229
-2695
8324
-9307
-2181
2383
3880
4323
9767
-5225
-1934
5750
-7772
3904
-6199
-6966
6088
-1894
9272
-9021
5154
7400
4858
6953
-4746
-4557
-1051
-9440
8344
6954
4628
3356
-6356
3910
9051
4639
581
-1142
435
9995
-2233
-7053
-3565
2289
-3843
-3889
-5600
-8429
6592
-9993
3133
-424
-5624
6902
-1110
2035
-4640
-7533
3768
2118
1898
4948
-7747
-8282
-81
6154
3352
-2917
-1979
-7549
4679
5396
5458
1050
4514
2789
-5305
523
83
4785
3743
4678
-453
-2408
9892
1465
-1759
3596
335
-72
4288
-7866
-50
-875
3445
-8513
2726
4350
8546
-149
6869
6896
-8314
-2562
7723
-5934
-622
-8060
-4710
-1693
-5369
9121
-6296
-6062
4689
4148
9132
4926
-2224
-8381
4972
-4440
-7774
6197
8918
-154
3413
-2669
9382
-6330
5064
-7084
-7228
2590
-2552
-2630
9002
-8136
5501
1543
-9785
8393
-9586
5933
-863
-3126
8555
8900
-9270
-8945
301
2533
4649
-8946
-8095
2115
7059
1160
-1614
-2699
-2596
-9729
8602
6279
-1681
-1809
-4425
-8879
-7497
7882
-2247
6015
-1433
-8240
3085
-1443
-2168
-4113
-9352
3555
8259
1411
3193
-9031
-2335
4010
5132
6313
8652
7500
-9114
-8355
-713
5362
6032
9187
-1300
6767
3085
-5477
1210
6392
9500
-623
-1373
7674
4135
955
3553
-9188
-2304
-5439
-2005
-760
3285
7923
9052
-3496
-8244
8793
2163
1000
7180
5871
4467
7906
-3752
3687
-6836
-9116
4341
-2644
6741
3001
-1879
-7451
6185
-739
846
6057
9551
-5422
7551
-3251
-9726
6420
-9500
9007
9535
1882
5226
-5443
8671
-4704
-7533
-3603
4786
6438
5929
2721
2710
-5418
-4293
7157
3952
-9990
-3892
2342
-3270
9636
6669
-389
-5481
-7964
949
9560
-6059
7831
5788
9328
8520
-5563
-5970
-4060
4506
-4004
6611
5809
6000
-1884
1389
-2333
-2479
9645
8345
-6986
8289
-8951
-6011
1706
-1287
-4717
7822
4907
8895
-2441
2243
9090
-5850
-6342
-8482
9872
5968
-121
9318
-4645
-6089
9951
-5878
4193
8817
9441
5598
-3052
421
-7774
-2226
-7152
3990
1974
-4659
-9490
-9332
-9085
4043
7887
-589
908
2864
-2384
-9294
7734
-5893
-9970
2002
8686
-2989
100
9648
-7163
-1600
3786
2489
-5557
4763
9882
5167
-6210
4142
-3975
9915
6150
-2401
-5920
-1741
-9809
-942
3363
-6925
-1608
4934
-2217
-5124
308
-1386
-7892
9124
6526
-8570
-1249
-2431
7851
1
9952
2830
9199
1473
686
-7830
-3647
4369
147
3682
9484
-2970
3208
-2504
-1629
7978
-7217
-8053
8111
6672
-1797
4415
-1969
-4420
1741
3563
4773
-7036
-5268
4025
-2396
-3169
7780
1382
6598
9979
-1121
-3729
4357
6159
-64
6215
-1307
-2818
7030
-5840
9213
6984
1708
-4283
4429
-7404
4662
9142
-6750
9144
9128
-9599
-7728
6307
-7367
-1605
4810
2326
-2419
5522
-2800
4065
2161
5873
859
-9826
-7390
9243
9541
-4541
-65
-1751
-1083
-2856
-6044
-9565
-5773
5534
-3305
-6178
-8091
-755
-2664
-4738
-3026
-8417
3094
4969
-6395
-6073
9730
8327
-8245
8460
-8961
1593
-3373
-5928
5113
891
2960
-9630
-43
-9116
-1730
750
6854
-7519
-2975
-1239
8365
6473
-8078
7915
7703
2339
-7462
-696
2766
-9113
3386
4654
-7890
530
9800
-4599
1982
-6290
4939
7025
-1685
-4374
-7448
-7972
-4869
9982
8798
-5882
-7081
-2707
2227
8561
-7917
7685
5273
-4082
-6296
-1012
3635
-7383
5406
-6352
-4158
6378
2039
2482
1081
-5502
-5353
-6928
2785
1462
-7400
-5630
-2363
-6686
-8888
1864
-6116
-9430
2652
8444
-8823
-4711
-9633
-663
4074
-1628
9128
-779
-49
-7076
9432
-4149
5662
7348
5668
-6924
-1822
-9459
4139
-5699
4284
-2387
2041
-3117
-7671
4304
-6720
-4180
-6112
3616
7712
7762
-5989
9036
7831
-6138
-6858
8394
7506
8641
-3675
246
-2457
-9335
9553
1419
-9300
-2712
-4562
9500
8744
8728
-2293
-4954
-261
-9630
2966
3629
-148
-5623
8315
6356
3804
691
-3569
78
2753
1031
-9746
-3077
-5546
-2886
6701
1126
-8122
1050
-2461
6421
1479
915
-4151
5946
-6610
4976
8675
4907
2912
6625
-7290
7984
5773
-2314
-7778
5030
6518
-8481
9647
-8868
6321
-5171
2686
7100
-8723
-4778
4224
4781
-3885
-540
252
8176
8773
-8640
7492
2856
5337
-1179
-7927
-4799
-6668
7950
9404
-27
-4709
-2434
9920
1359
1749
1287
6988
3249
-1346
-5857
1663
8533
-8530
6342
1190
9110
551
8744
818
-7734
-6901
-8322
1873
-1108
-6988
913
7361
7951
-6675
3957
-1741
-2190
193
-3176
-8729
2517
6755
8136
-503
8605
7856
-2523
2870
8440
1052
5768
1652
-2261
-9593
2609
4136
6566
-2359
-7718
1841
-790
9187
-9938
-1141
-9226
2237
3649
5241
-1745
-9566
9408
-2164
6399
4391
-833
8425
4389
-4393
6361
3933
4081
-765
-9184
3647
6934
5951
4481
1915
6406
2594
566
3948
-8568
-840
-721
-1485
350
-2704
-6747
-3533
-9771
-2119
7219
3262
9406
4270
5667
-7016
4755
-5359
4201
2842
910
-794
-3430
8035
-8090
8161
-1517
2545
6782
-3918
-2969
5263
7471
-3474
-7522
7143
302
-1329
7958
9675
-9486
-1036
-1078
-9520
8144
7330
-3643
-4061
7809
5298
-375
-9432
1770
-1920
-9951
4402
-3960
6451
3935
3242
2312
-6969
-449
4645
-4375
-9528
5113
-3286
4451
6360
7064
-3404
-3830
3919
4260
5948
-1024
573
-870
1193
6713
-8588
-1710
-43
-1906
7894
-7190
2176
387
-5743
4293
-8334
7728
4548
-4921
9861
3657
-8181
-4533
2786
6126
-2451
-677
-6317
-7012
1227
2679
-9313
-7586
-591
5457
2702
3270
6449
-5925
-16
-1336
7404
1510
-7242
8691
1571
9842
-7382
5182
-5200
8327
1478
4227
-1974
4996
290
278
-7902
6581
-3704
3002
-1128
2584
-7897
-4391
7613
958
-4840
978
-4765
827
-6267
2693
2361
1085
-8239
3846
-7922
4601
-2305
-9309
3756
-8162
-3432
8050
3466
-4631
8058
8863
-1516
8751
-3876
9409
9170
-9977
3753
-558
2085
38
3910
-9683
1308
-7208
-9434
5358
7528
-1784
-4030
-6210
-4620
3250
2800
-2825
1127
2811
-2447
348
-8092
8517
6951
419
-4693
2461
-253
8009
-1681
7759
2167
-4892
3144
9012
-8494
-7878
7985
-6020
628
208
-7485
6014
-5627
-3685
-4548
-1208
-5321
9640
3401
-2422
-2397
5020
3577
-5455
-2113
-4287
-6733
1955
-3531
7209
4181
-1109
5593
7865
-2008
-4380
5840
-7740
9236
6435
-7632
535
-3201
-8215
-5153
-8097
1629
4881
-3537
-3506
-1189
-2041
8389
-8826
1633
-6193
-4209
-335
-5902
-2618
8702
-4066
-3550
9707
-9295
-1134
-7509
-8779
6307
-4689
9175
6048
1250
7393
2057
5787
7692
4319
-5574
-5998
-9858
-5579
-5070
-6112
8107
3199
659
808
2516
8184
-3992
-9300
-4677
124
-9832
-597
1481
9294
-5262
5418
7809
4920
-4943
1008
8912
2617
1585
-1830
7158
1780
7846
559
-2408
-9242
-8121
8127
-3021
3425
-4021
8307
6858
7793
1202
-6392
-7517
-6846
-6268
-7241
-1642
-1392
-9347
3129
-6027
-7097
-3420
-8272
3273
-7317
-8321
638
-1350
5900
5120
8170
8746
-3349
8392
-1815
-3263
7165
2414
-9079
733
-1466
9912
4494
6455
8820
6980
-4971
6075
446
9048
9450
4479
9918
-1775
-4247
4462
-102
-5933
15
7654
-9048
-3943
8393
4613
504
-6974
-5704
-6131
-3616
-1014
7550
1537
5022
221
7409
3450
4516
-9021
6994
2726
6137
-7799
-725
4157
235
-242
-2145
-4608
6742
-8550
9088
5494
-8607
1316
-1455
9770
3374
-8976
7148
9173
2037
-3443
3281
-5621
525
-1875
-6220
-5705
4185
4181
8280
5171
9574
-8747
-171
-7757
-8440
-1851
-9776
2816
1502
1547
-3200
-9228
-9605
2463
-217
6195
-3022
1445
5146
-6146
7823
1645
-4761
2820
6659
-1495
9875
-9988
6817
2828
-9859
-6667
-6339
6650
-8554
8764
-5919
5089
-2142
-5342
4510
3316
4552
2522
4543
-108
5440
-2483
5041
3411
4244
-5720
5857
-5678
6765
886
-5998
2370
4661
-9606
2148
6335
4885
-2174
-6991
-2417
335
-5449
5712
-6172
1475
-9851
4492
4933
-8377
7641
-3012
7691
9625
-2599
8659
88
2177
-1861
9120
-1404
-9829
-6411
-5863
-8459
4368
-7201
4020
-1449
4742
-4223
5634
-4904
4471
-443
2856
-7679
9359
9965
5294
3021
-5386
-5998
-8589
-4565
39
-500
-7801
-4031
150
-7956
-7911
-5701
-4486
-2680
8902
9366
6508
-7462
-3493
6084
-4925
-3979
-6537
-9773
4955
3871
9928
6152
-8167
-6893
-3317
7348
4371
-4482
35
-5623
6856
5036
7190
244
6600
6618
-9510
-9709
-1832
6425
-1039
7700
-805
2090
-5085
8793
6796
-5177
702
4887
-7626
-1806
-1904
-1081
3282
-8987
6676
-3208
-1670
8451
-4316
-4791
8849
8697
-953
-237
-4146
-3290
378
-9646
-6646
3380
9137
1331
7377
3300
-1840
-9875
2178
-8805
-7854
-3625
484
5394
2799
-5488
3069
-1367
-658
-8079
-811
-777
8145
-1876
3957
-5747
-1679
-512
-3682
6786
-4591
9219
-5416
1193
7002
-6683
5751
9565
-8643
5679
2216
-7254
4250
8359
8836
-1749
1641
9862
-9480
-2383
3900
-8595
6197
3010
4559
-6932
9650
2439
-2897
-8869
-1342
2614
2065
-7548
-8394
1028
7069
-4337
927
-6423
5847
4153
4590
7173
-1073
2932
647
-3099
3620
-2985
-5373
-3525
1854
8766
9518
-6173
170
-5391
-9475
-9120
-7736
-9318
-4157
-4448
2814
-9797
-1669
2990
-1978
9298
6779
5039
-3140
-7420
8745
5681
7324
-3197
-1085
-4045
-7307
-1040
4305
-8318
8205
9237
7919
-2971
8461
7453
-1037
3969
1783
-8437
9699
-3131
-2305
5036
6762
-7865
2044
2175
9974
-9786
-8811
-1862
-3760
-2842
-2287
9737
-1767
-8230
-5247
4061
5942
-6801
-2321
3237
1147
-3448
-1169
4730
-248
7335
-2350
-2165
6532
7447
-6615
7106
7179
7872
-1884
6669
6372
-7372
6457
2596
-3182
-1066
5917
9672
-8863
-1049
-1973
292
3839
-9064
-1934
-8881
-3197
7377
2522
1114
8705
-6809
3044
-9293
4370
-6668
-2814
-7732
-9849
-257
9049
3476
-7290
6752
5019
-2920
-9808
-6362
-373
-3853
-5201
-6506
602
-4464
7923
515
9488
9653
-9496
-6120
2354
6139
-1032
9360
7467
-7693
6960
-4258
-5218
7532
-9853
8936
2250
8993
2653
4467
5999
-2622
5668
-2471
595
-1922
-8680
1457
1139
-9782
-1696
-3511
-9212
934
-5502
-8913
-5567
-5311
9231
5205
-1291
-5619
2865
3196
-1040
830
-7630
-9876
1666
7797
-485
-9661
-2005
481
-1133
-6477
-3467
7510
-454
-7130
-494
-7695
-4271
-3973
5808
-5797
-1826
5308
9951
6519
6593
2643
-1167
-5979
149
6474
8614
-928
2115
-2366
7406
-218
9637
3610
-3568
276
-2554
5933
-4921
-5300
-4649
-6275
6642
8347
-3693
7258
-4625
-3401
-1588
-2344
5222
618
-9587
-4764
-5355
-5674
-1261
-114
-355
-6696
9920
-1537
1432
4944
7313
-5878
7629
4949
2997
-5214
9792
-7792
8562
-9340
-1698
-4509
-2757
-4017
1749
-861
7886
-1398
-2121
-4182
-5462
-2541
-1758
8366
-1650
2581
-7349
-9245
8068
-2009
8377
-8342
1766
-1547
8675
-1820
-2257
-4425
5413
-1089
4640
223
-1047
-2545
-1981
-611
-2623
2807
-5409
1211
-5915
-1195
9105
2993
1110
-3085
2709
117
-3764
-9728
6608
2781
7533
8660
-5713
-8633
5651
5770
-7451
-5137
8201
-9770
-9562
-4516
-206
990
-6024
-6998
-7376
-2462
8172
6807
-3215
-6284
-1590
-2622
4353
4381
-6707
955
1990
2309
5845
-3939
-3745
-9258
-8639
1214
-3964
5130
7620
7603
9004
-7511
8437
9790
871
-2286
-8623
7430
5016
5034
2114
-1836
7307
6122
-3047
9454
1070
4768
-5760
4376
7655
8121
-1898
-2248
6859
3048
-7379
2026
-5434
-2582
-7344
6596
-6266
4398
-1229
-6786
1737
1776
6
3004
-6028
-1808
-9345
5128
-9215
7666
-780
-510
-2347
-1595
-2050
9835
8232
7707
2253
6004
49
-6048
6412
6774
-7884
-1188
-1224
8537
5655
4061
7423
-1763
-7038
-8970
-7648
-6720
-4341
-746
-3562
8918
9834
-4913
4848
-873
-1595
-6405
4641
-8771
2720
5553
-9698
490
8123
9345
6227
-4997
-1955
-4178
2443
1045
-6334
8239
-2920
-5594
7332
-8048
1261
-7521
-9234
-7764
1250
1191
620
-7776
9164
2422
231
-7037
-191
-2286
8792
8
229
7679
5863
8977
-5238
-9542
5320
-9092
-7674
10000
-3862
9224
-4674
133
1675
-6825
-9310
-8215
-1076
1529
-1789
-5188
-5114
4074
6313
-8503
-5628
5678
1914
-8008
7063
-8141
8317
-7495
-8789
-3231
2787
-8302
1899
-422
6772
-8420
7006
-8131
-9392
3001
-2543
9752
8643
4715
-9311
-2667
8906
8912
643
-2440
-5968
-1585
-7824
-288
-9227
6318
1662
-7182
1700
4587
3863
7151
-1110
3856
3497
-819
716
-1434
9975
3125
-1901
-1389
-7088
-3505
650
1321
130
-6694
-6409
9376
-37
-3318
-6185
-1141
-3496
2295
1987
7134
-3092
-4469
-9588
-7767
5729
-2569
8467
2461
-3670
-4766
-9346
-4007
9879
-3393
4503
-668
472
3213
1722
2650
3809
8727
4950
374
7791
-1682
-310
-9122
8336
7861
4858
7653
2853
-3946
9394
9602
5834
4129
3111
8183
-4800
5955
-2576
8742
4702
7341
1349
7625
-7998
5068
7435
-4810
-9858
7985
2366
2011
-4255
-1309
2857
-605
9256
-9548
-8532
3963
-5871
2984
1410
-4634
-4075
3926
-8190
-7775
-7513
-5912
-5984
8721
-133
3880
7471
-3034
5150
-2392
6285
-7922
-3451
-7042
-7466
5518
-5845
-6014
-7613
4377
-5989
1308
8783
-2323
-3256
-4688
-1232
-5229
4000
-2815
-3506
-6880
8984
-5376
-3215
-6492
-7047
-8022
-28
-7786
-5750
-3285
-6488
353
-6753
-4490
6409
-4014
6523
1853
141
-6618
-2440
2058
-6466
-7660
-9506
7876
-6618
-5876
7378
-2502
2877
-16
-2025
3287
-4356
3664
2091
3091
-7019
-9866
-6505
3206
-6385
81
4621
7989
1552
8437
-9865
4504
2221
-4563
6137
4037
-9864
99
6779
-7951
-3199
5187
-9791
-3658
-6672
-7722
5119
-7449
6720
-4784
9878
1861
1172
-9469
5606
-4861
-3090
-4430
5134
9650
821
3061
3519
-7301
6968
8128
-900
-7488
-6296
-8100
-4022
9136
-3979
-3113
-3657
-2505
7598
7449
3875
5642
7255
-1731
3083
3554
3627
7546
1822
9441
6169
-6189
4904
6453
-1213
1246
4222
7609
-7020
-4209
837
5391
-7613
4463
8839
-3786
-9102
650
9416
-8792
2775
-65
-9528
-9400
-4238
1940
900
-5789
-3808
-9379
-8876
66
7070
-339
67
3043
8206
-4345
8335
-6680
-741
-2799
8562
9415
-3806
-1779
-5134
-6471
-9405
8169
-7980
-3721
3890
8064
4666
-6246
9305
3090
-8944
-665
-3262
5167
6825
-4294
5005
3353
-7208
-7245
-6707
1086
-8505
-1139
3511
3418
-9820
8493
22
6922
1237
-3112
-9298
1399
-5568
1414
-2521
3479
-230
6731
7422
5115
8452
1816
-2492
-6863
-7391
-1312
8492
3840
2134
7730
-3453
-2940
5582
-6811
4211
9788
-9397
-2097
4341
7031
5929
-3284
9386
-3616
-5965
-9229
-7007
-8759
-1493
-627
631
-4596
-2083
9324
-8234
5852
844
6216
3596
-2526
7333
514
-3918
-2758
-9613
8296
1985
5552
6724
-3785
-3414
-4925
7636
-4388
-2300
-9529
-1281
2747
-8640
844
8365
8552
-8377
9147
434
6288
-5016
6504
-5950
-8605
-5045
9505
-8287
-5369
1632
6864
-6466
1800
-4095
9223
7132
-6225
7425
-7765
1549
-2324
8013
-5479
-9712
4106
6044
6959
-2371
-5747
-5030
4355
229
8824
4045
258
-8803
-5944
2002
4394
7875
2910
4798
9773
-4398
4859
4238
187
7003
304
-2044
-6848
-1106
-7385
-9945
2459
-9556
-320
8923
3422
-8120
-6102
7216
8356
-38
-3189
8653
-1306
6010
-7255
8755
-7565
-7696
-6625
-6936
6738
5828
1195
-1302
718
-191
8133
-3327
5704
9993
462
-4662
5819
-8576
-3520
-166
-5589
464
9052
-8709
-3568
9367
-5960
5422
9504
7296
6515
6499
-8045
-8934
9431
-8449
-4993
1617
-7631
-1495
-1603
5611
6647
-5202
-5006
-9832
4556
353
6564
2244
9420
-6496
-2088
-6828
-5919
5269
-7836
1971
7826
-9324
9374
2919
-3503
-7181
-114
1416
-8928
1103
-2269
-6024
-5820
8648
-1037
2675
-2523
9058
3440
1272
-8350
-4665
-2311
4248
-3658
-4755
-1528
4137
-2787
-8061
-86
-4495
-5633
4768
-663
-4440
-2736
6772
6768
3089
-8197
-546
7196
-2304
5814
9574
-8355
9161
-5143
-2294
-2622
8586
-4831
-2587
-9065
-1463
-1153
6132
2488
-9900
-3911
8555
2737
-7505
9627
-7685
2375
-2995
3327
4601
6639
1810
-7152
-5457
1634
3721
4995
3651
-7168
-696
214
-8559
2341
-3836
4188
-7440
-3065
9222
6823
-2576
-9792
-5493
-3114
-8653
7323
-5248
-7541
4191
9536
2126
-7607
-35
-3997
-6373
-883
2307
3304
465
9397
2817
4567
7336
-5517
-1041
1132
2193
3476
-387
-9853
6919
5543
9347
-4604
8307
-4625
5321
-4247
6905
-9527
-5967
-2861
9770
-4602
7501
9079
-4580
-6127
-1986
-1030
-826
-615
9284
-1201
-5266
6056
-8883
-3164
6733
190
8212
-3538
-9135
-55
7476
-8529
3072
4342
6037
8010
8711
8377
9075
-7501
1007
-1824
-9106
-5321
7405
-7185
1843
1649
3577
-5531
-4904
6707
-1290
-1229
-5367
-5072
6937
239
-7715
-2327
6170
-5966
-7201
2980
6896
-8688
9459
-1257
-8724
-9790
-3121
9338
-828
4778
7776
547
7849
-2203
8235
2218
-133
9691
-2917
-9014
-9473
-3061
-3066
63
-7920
-8239
258
8864
3386
3753
-4573
3558
-2296
313
8679
-6367
7196
7798
3602
-9215
-7618
-1043
-6921
8156
6299
-1203
2986
5990
-6699
-1725
-7951
881
1108
9015
1948
2215
3753
-4520
5454
-3619
2068
8682
-822
1536
-647
5334
2419
-8837
-8908
-647
-2989
6727
-9593
-6655
2946
-6443
9025
-6797
-1945
9391
4193
-5773
5966
-990
188
851
-9469
-6237
-1825
778
-2600
-7559
-3344
-2777
-2267
-8894
2585
1318
1580
7717
-2659
-9417
92
122
-9935
-6938
-6630
7551
1569
-608
6679
-2581
-6221
2576
3407
4443
-5604
-7265
9512
-6855
-6314
5400
-9461
-4563
-7623
-5664
261
-7923
8764
-2918
1521
-1687
9591
844
-7336
-7205
7516
3308
-2003
7005
-1595
5297
850
-2049
8553
3063
1208
-3606
-1590
8322
5370
7363
-1974
-4716
8733
370
9992
4134
-221
4009
-1525
-4469
8658
-9564
-8350
5731
-1060
6245
488
-8616
-9112
7827
-9839
4760
-6713
5200
-411
-859
3310
4396
6427
3619
-6029
1975
3119
-9181
-1208
1494
-3160
4813
-176
6617
-8257
4642
-2550
4668
4601
-389
-5747
7035
-7707
-7304
-1786
-7194
-6230
-4618
2704
-2308
1261
-3292
2609
-3683
6957
5559
7507
-6318
-7796
-262
-6709
3691
2545
8677
-4986
609
-3172
2253
781
-3688
-793
-6803
3775
3489
9474
3753
-3694
-4938
9026
444
-7602
-2040
-1096
-2089
-6238
-2041
-8590
-3333
3517
7131
7029
-5426
2411
-8830
-5968
7973
-3562
-8937
-7034
-5121
-9292
3373
1085
